%YAML:1.0
---

# io
uwb_topic: "/uwb"
save_path: "/home/ws_example/uwb_loc/result"

# anchor
num_anchors: 8

aps_mat: !!opencv-matrix
   rows: 8
   cols: 3
   dt: d
   data: [ 0., 0., 0.16,
           14.069914788910836, 0., 0.16,
           0., 15.27365720633304, 0.16,
           14.19723962, 15.1783084, 0.16,
           0.134285, 7.6854759, 2.25,
           14.09756276, 7.48562845, 2.25,
           7.7767397, 15.23152606, 2.25,
           7.71995324, 0.11283668, 2.25 ]

aps_range_mat: !!opencv-matrix
   rows: 5
   cols: 3
   dt: d
   data: [ 20.80837793, 15.15314831, 14.17404784,
           8.06342, 16.09976669, 7.97074,
           15.97237031, 7.52959423, 16.12753883,
           17.25570198, 16.63988039, 8.1093549,
           7.98850928, 6.67387547, 17.13633645 ]

# algorithm parameters
frame_window_size: 900

# filter
# initial cov mat
initial_robot_px_var: 0.01
initial_robot_py_var: 0.01
initial_robot_pz_var: 0.01
initial_robot_v_var: 0.0001
initial_robot_a_var: 0.0001

# motion noise cov mat
motion_robot_jx_var: 12
motion_robot_jy_var: 12
motion_robot_jz_var: 12
# motion noise bound
motion_robot_jx_bound: 0.4243
motion_robot_jy_bound: 0.4243
motion_robot_jz_bound: 0.4243

# nlos_thresh: 0.5
nlos_thresh: 8
tag_height: 0.2

# uwb parameters
noise_var: 0.01
bias_walk_var: 1.0e-20

# 2, 4
# bias: !!opencv-matrix
#    rows: 8
#    cols: 1
#    dt: d
#    data: [ 0, 0, 0, 0, 0, 0.031, 0, 0.031]

# 6
bias: !!opencv-matrix
   rows: 8
   cols: 1
   dt: d
   data: [ 0, 0.031, 0, 0, 0, 0.031, 0, 0.031]
